1212016881 
122100374 
23837512 
61391588 
1888539664 
672405978 
471148416 
1959191325 
478520253 
3586245 
62364980 
348838240 
508180840 
89347764 
1818310010 
11407948 
455811544 
1168382310 
1734913451 
2041638772 
1250818148 
3493294424197340 
1796097722 
300426072 
449126629 
169357440 
34852427 
291309283 
471931030 
47716679 
1153774474 
1571472707 
694761114 
6120475 
490160478 
184633582 
509754029 
3493259861035840 
24750532 
389614544 
1697368851 
517704620 
1006957937 
8136980 
660777960 
61004650 
400405658 
500546704 
503029769 
34685353 
353784518 
6457329 
335033235 
3493290538174650 
4621751 
1788745845 
2006188662 
348493132 
404597433 
1293031436 
628701649 
569209050 
1972763521 
438519831 
3282099 
107399031 
496485769 
1510577020 
507545060 
1998367254 
575679 
430938181 
229815734 
354540345 
144742945 
2060773821 
1159046665 
3493296791882650 
393864911 
178328239 
1297199316 
1698695455 
287333495 
23008088 
10548091 
789557 
398587198 
12590974 
1569812260 
3493121868433440 
399807465 
3493256346209120 
424166604 
476147232 
521219803 
1412470893 
3461566045358890 
1462578971 
1050622855 
7629086 
313330955 
695905608 
411299833 
33179502 
1347637019 
3493108178225270 
640692090 
1582859178 
3493142483437610 
550308147 
19053245 
1119090026 
3493104711633150 
255407652 
3493260190288610 
600398269 
508214482 
1322304168 
16227033 
520766418 
198258289 
1558813985 
3493095083608540 
697810266 
865715 
3493289059683190 
538373361 
3493141195787230 
527514534 
488006840 
1795104320 
56869983 
157221214 
1777304882 
417496204 
592697647 
1133087354 
619361210 
371841624 
518033286 
3493124156426680 
1911459370 
1522395181 
1898669029 
6863085 
478028699 
527882766 
413438948 
1666296654 
627310040 
1318036049 
504559050 
1556599883 
477847776 
1956100123 
1654726586 
1911293771 
1192551338 
456744730 
30214490 
1593884231 
631292588 
434325296 
2143263407 
2025351062 
480966727 
416494801 
1785944507 
213334532 
1920946404 
91568522 
1521992137 
3461582132611990 
3493126756894740 
1036266292 
421374627 
502696079 
3493260595038300 
3493123468560960 
520164634 
1990450440 
599112557 
456312939 
355969145 
457391288 
351744160 
2099994892 
1320262293 
477997032 
20731875 
1776093118 
354530584 
3461563491027390 
453967765 
486211418 
500747731 
1463290526 
508113193 
3493138937154420 
588483110 
436287691 
695964674 
671138 
438066416 
1809087358 
1315324891 
53100690 
1000030854 
97162633 
670903565 
473829214 
402429189 
162861985 
404182503 
62875603 
1598855922 
3493278645226210 
3493288919173220 
455853054 
173609196 
506691307 
16821043 
303322251 
3493262612498750 
3493125305666050 
3493131618093220 
1754979374 
223912509 
1335998703 
542882966 
97234609 
302070436 
513598680 
65310489 
1155498017 
397377340 
1226925158 
437266871 
677888001 
348514748 
3493290305390670 
1763426543 
1528995507 
3461566032775310 
441399298 
357942425 
314975313 
255159228 
1301786225 
1936255301 
95974138 
1280905092 
122354449 
77204621 
353015256 
505806731 
515240120 
1611792972 
627061199 
327232474 
3493276302707240 
475501484 
1147432536 
526257684 
3493079390620470 
11837188 
30369827 
518887221 
37081170 
3493288216627400 
1853456738 
5516243 
450630255 
672321514 
350048977 
1416387559 
1295830063 
702093757 
37918029 
1710357769 
2128350829 
105026386 
14927246 
602122963 
266757356 
495257221 
167359541 
1918882913 
525334816 
243842465 
1649252068 
1406677409 
479509425 
103108439 
1244277607 
515449439 
362015318 
690749756 
1722811962 
1293136603 
46890385 
24863738 
154264716 
35601745 
1159955629 
156956880 
12689509 
286030858 
470934410 
1066525318 
3461577785215410 
11309874 
409983896 
517449617 
3493297125329620 
1255805395 
389745384 
4639434 
484964196 
412066121 
518999908 
4351763 
1709961246 
1246940216 
499900477 
2009776650 
381686372 
8962132 
1918416742 
3493293650348590 
697791857 
382616513 
93866793 
1788859 
1984175313 
1935534465 
149011355 
1275188723 
302261138 
1809250968 
359919976 
596908234 
489060363 
667839711 
17294506 
51147978 
2029932326 
39040823 
328605408 
1938202687 
1066487520 
1285069012 
612575707 
13434429 
449685394 
1937091618 
1808745473 
68076399 
619084470 
330422265 
31316268 
13791882 
385195415 
176582777 
400815625 
3493263256324260 
1959263013 
297795128 
1840206537 
615106088 
520079229 
3493288256474050 
287566259 
276200386 
3493074604918950 
503333019 
550723678 
1221022047 
1435218004 
1090785258 
344488434 
24802994 
1208201754 
487167091 
291244621 
1903418321 
1740997589 
1301994099 
33772360 
367447426 
111667064 
437354080 
3493258124593720 
30090937 
3493093410081390 
230628275 
491006925 
481445794 
577542395 
957288 
1766017960 
369271444 
1080981987 
287161672 
23308187 
1751827115 
470657815 
515914694 
1229408590 
1600921761 
1770082872 
3493133312592740 
1257831584 
3493295269350110 
613581317 
1713427704 
336191680 
100846922 
93845206 
506385628 
1857234556 
3493257277343960 
526137073 
10608233 
65815636 
1213507022 
3493295521008410 
3493114616482690 
1488526305 
3493107268062060 
694836150 
1370900677 
130921423 
488100984 
277697379 
44762695 
424505236 
39432016 
3493081714264240 
3493295323875520 
1869913674 
499192595 
13186698 
426894558 
379425893 
2193631 
1437081577 
503859375 
603587069 
223024736 
1203448430 
397876430 
496211687 
456647088 
1800792654 
353898052 
341831378 
388480098 
1994444265 
1112544424 
354682917 
1597724791 
291272413 
255394380 
191342593 
1848218746 
3493120083757130 
481773892 
1186182470 
1636206026 
1986987732 
3493276833287070 
84522188 
2017273909 
3493083777862420 
1831099593 
3461570682161640 
494179406 
1030350333 
3461563646216390 
401091917 
518356180 
3493081393400230 
482992456 
480828804 
3493122768111740 
525663392 
36539 
16429057 
430274323 
96888030 
1610545650 
4195538 
599495295 
3493269986084990 
443845754 
3493294025738550 
272133523 
87624417 
12858143 
477158144 
395133817 
3493268755057550 
3493294229162930 
90591589 
392830700 
3461562612321200 
1973735812 
