2795398 
624539885 
672593100 
3493273756765100 
26567996 
455967339 
442456010 
433609487 
15949815 
20697581 
401313650 
255290216 
627508579 
251700826 
1734913451 
443841912 
1907418 
3493094011963520 
86132225 
482372385 
400372984 
767040 
695821495 
3494349518146330 
23824579 
3494349700598370 
3493108023035910 
3493084354579110 
405589614 
284619220 
475806151 
260229053 
277568187 
1592501528 
1309820498 
1950436193 
95846588 
1827427861 
286229434 
3494349308430750 
323945244 
524391344 
2053305468 
2951368 
8122269 
1422894021 
1703813453 
1520806681 
445348185 
442512550 
227514063 
454100939 
57433810 
1376177460 
491810686 
3494349220350270 
1538960651 
1883681920 
1456617819 
26642303 
28816522 
623600724 
349760480 
1869326234 
588559095 
12196189 
471452847 
1580360226 
591271 
10758269 
1884903354 
2023039318 
1839246324 
148215778 
412828130 
424502080 
203158719 
3493090205633250 
1083250890 
415241393 
450232162 
1424194685 
296313764 
177348646 
3493265401711400 
1073715464 
499564895 
108234958 
51646894 
113511730 
3493281983892060 
449727287 
1143954179 
285823289 
155989861 
173288170 
14194221 
2277934 
8332377 
1737685444 
28610822 
3493298683513120 
3493289781102800 
32403463 
353184976 
48880327 
1963009040 
3493139595659870 
29071807 
3493298767399810 
455730666 
393161321 
517947005 
3461576097008100 
3493277741353870 
479938085 
1523737559 
476326425 
3493075953387990 
1560742564 
483386444 
2015320654 
3493298696096110 
3493298668833590 
3493298679319390 
1443289042 
1839276618 
297717919 
443739164 
3493295967701890 
397110134 
1172724148 
1508621780 
3493296934488640 
3493295825095010 
438865283 
1528771812 
277034743 
14942702 
3461579043506690 
24433113 
1168074253 
3493273993742740 
483693079 
382179286 
592333030 
3493294801684800 
1833657642 
2068454788 
594164360 
216763873 
3493131404184240 
409935965 
11388989 
525203022 
1985753931 
623255346 
592001409 
1388814600 
3493266760665690 
1420935683 
3493290114550400 
128322158 
1557497665 
14175909 
291121321 
523711474 
190751977 
4399912 
1407849155 
1932776892 
1525415238 
291126456 
492627088 
1274867710 
353589898 
35276972 
398675792 
35812243 
588239473 
9322331 
1562246272 
510059079 
1933338301 
652386210 
1539212158 
517361158 
3461570669578250 
3493109627357630 
3493282529151320 
359151080 
1348907363 
493819836 
397812146 
3840145 
494673179 
199245725 
1966044586 
477794284 
784348 
22782121 
1668955910 
29360341 
20576514 
302999198 
1616076655 
11656791 
687246409 
1218585644 
3493136340879960 
36848529 
14647795 
179279576 
130178380 
1784798676 
124426677 
1026727471 
1512441722 
291176706 
2051800117 
9997149 
370452163 
7331920 
535083776 
436276092 
259020820 
2090094805 
185657661 
10578594 
544450497 
1968484918 
48231706 
441171331 
448109859 
1479990897 
3493140338051140 
211112054 
16993626 
399090159 
266177273 
95927438 
1602061 
6799837 
1745691 
181140213 
252275808 
416493697 
21135377 
550322581 
405975202 
1979009463 
12212713 
384789209 
432890047 
130590032 
1448823011 
3493296397617660 
429881661 
492802353 
3493110734653740 
430776378 
1668426017 
3493295820900740 
627267434 
347072 
3493296793979360 
1153249620 
243687267 
441705250 
675668700 
677871924 
13265868 
1086427116 
676025445 
434503009 
437947382 
1198940144 
1936027016 
179358313 
471330470 
1212463574 
12039494 
3461573941136310 
94493258 
361840741 
389637694 
499346016 
128992 
477952047 
1103895029 
327640239 
1876499521 
285648367 
173334344 
565238001 
346409154 
3493095249283520 
389283025 
3493095373015330 
509168988 
1158346014 
152259661 
1597598011 
498452689 
2053091725 
1143139246 
335667627 
12229790 
297391990 
245122132 
1948269026 
198685507 
1134123040 
1077365268 
3493117359557340 
40046399 
200412448 
541911247 
3493295233698650 
472262371 
39117420 
438665160 
3493274180389160 
689324283 
108680304 
3493261303876000 
3493074816731320 
220049352 
629074459 
99021815 
27984614 
455867186 
3493086674029490 
3493290643032130 
1103233514 
239543333 
433438709 
74497087 
444911066 
11010372 
550772062 
1367412497 
401813374 
3493295948826950 
370637805 
650446172 
18409129 
646375539 
442888237 
174747917 
2098814000 
358617915 
17844505 
3493117351168840 
25823889 
413300492 
176853271 
289474598 
1624263757 
3493129762113880 
34611858 
264177 
417979217 
354565625 
364440541 
1436472346 
11566842 
1413862685 
412600521 
43742444 
1213507022 
1369885959 
645662697 
307140464 
4055378 
522546399 
1529445888 
21915528 
512020597 
399379672 
485002802 
573305897 
176039023 
650528088 
1608046921 
67655923 
509087262 
24925288 
171863929 
572258118 
2078183969 
1139107543 
1216518547 
1402702005 
203354 
562194716 
38058240 
1378245236 
3461574836619510 
94054408 
387808061 
224252609 
1303231370 
1016058938 
16677213 
492135868 
3493294828948140 
360457727 
1235573283 
352324542 
88678635 
388222801 
563144430 
3493295082703450 
1904180958 
483511213 
1451347301 
1447643762 
436520611 
296077461 
487617409 
398063295 
1843717510 
554568931 
12851890 
188877995 
2030080491 
108135878 
477698878 
688626270 
414423230 
567881441 
457142570 
36988572 
675673867 
1471237101 
6953231 
257807842 
1325795867 
350359182 
3493294715701570 
523007538 
491436495 
1393779618 
437328951 
3461579760732380 
3493080814586310 
12735964 
67610872 
501790373 
434513573 
475684060 
7074172 
411200310 
249089879 
66623454 
5719999 
1897653753 
9081320 
474264620 
418326846 
499468402 
1766747100 
1363239909 
6709192 
3300349 
588744914 
470417017 
6831936 
3493273515592450 
3493086606919860 
882663 
397793418 
170015821 
1827654423 
385618318 
3493265584163030 
494052434 
495285130 
398016664 
1980317962 
3493114534693770 
351749883 
3493113723095350 
355629447 
2167813 
6261404 
485777 
629428513 
3493124206758670 
508951585 
375228556 
475216025 
390367705 
454663789 
543353019 
361494105 
352687891 
93399048 
452620 
524057260 
485453963 
3493143295036190 
400217110 
476039868 
1022272092 
28585177 
382009144 
1358192753 
1550719851 
1915836171 
386152774 
3493129992800340 
1632771196 
560591718 
373065978 
2905214 
389855009 
127443177 
2077288740 
411590575 
1560964166 
4343886 
105194918 
1636531460 
416260702 
2983360 
15398244 
1087528035 
1896783951 
3493293065243420 
142717591 
3493266798414270 
105481418 
61454043 
488776570 
1349923988 
1841113091 
502768580 
381068349 
39660238 
22922558 
23760559 
319950241 
626862857 
149326648 
277960457 
23811570 
21142325 
2947617 
477520635 
3493293446924390 
622768463 
344637 
45154891 
3493270447458580 
56393554 
484530345 
179056330 
187429093 
283406350 
269749992 
1583197351 
36409126 
38114409 
53734215 
52517114 
271299251 
46270749 
349475145 
439420798 
38744668 
3493284345284960 
33058547 
690009978 
495920123 
350351666 
1877365186 
38178126 
433387110 
1830239070 
30536202 
73161411 
122594001 
630025798 
21892564 
12191181 
3493276487256190 
294602399 
39557639 
635652663 
437193029 
1995845306 
512338717 
497085546 
2105371135 
314586970 
293815125 
3493293002328670 
179894719 
435776934 
2125403950 
179355278 
1860014575 
1427662837 
213871127 
1673981979 
32126404 
106106390 
1545328378 
56368669 
1945296414 
1032244258 
3493279700093780 
399548967 
34732982 
27110816 
3493108585073010 
3493267949751160 
4798896 
1781613055 
274578343 
4909869 
179457761 
3493084109212280 
492204456 
478292891 
57928758 
455650586 
446094646 
267869207 
109372221 
94900748 
1784470665 
1032981458 
14540067 
497168247 
3752421 
591794 
501364601 
10976867 
699677286 
506403706 
252665131 
19958642 
492207406 
381365779 
3493130972170620 
2117945796 
514769183 
14625672 
7619360 
1203745835 
129471323 
3493077859698930 
22754818 
524349374 
631510134 
1731971266 
1106322296 
1318092985 
1340557287 
477587934 
3493264078408570 
470173760 
34492905 
11119110 
323973411 
1023484857 
457180438 
8896140 
3493292106844600 
474113390 
1637778057 
3493289892252450 
1183143580 
97171281 
107739332 
8201972 
491762334 
123844177 
74990640 
551096199 
609959078 
3461576340277470 
1277138252 
6770620 
1797316099 
1405331346 
1897006418 
520834273 
1800284844 
94051166 
444107830 
1605958345 
20079529 
227478515 
361460054 
386392247 
3461580666701860 
2130720963 
692381886 
918417 
1308854199 
1706982209 
1920632083 
1135172245 
471046083 
28618519 
430970252 
115063514 
3493130645015350 
3493081135450600 
701179753 
22283124 
415456896 
629558515 
548031618 
450427477 
39997087 
700069731 
670522547 
1414990742 
13199972 
1364506776 
145690034 
51241906 
286954501 
435229967 
1183919839 
36199312 
1359196083 
40778840 
387792284 
3493139947981710 
1093232225 
298030903 
3493126964512880 
3493265659661270 
1572026569 
20188271 
129298641 
610037987 
3493141629897270 
590499369 
1543492181 
455019645 
1545629849 
1127166828 
398200350 
2065621206 
244428205 
171699687 
167394944 
404342192 
520280479 
1333047564 
262263287 
443085792 
381638729 
3493110560590480 
12662435 
354009805 
638225705 
46230058 
22445054 
1812787143 
290341402 
291167701 
1326723134 
357985962 
457671742 
636771447 
44330361 
39110317 
1794809000 
263285208 
393822402 
518142434 
3493286828313170 
457671976 
2124215056 
2070308753 
349996267 
9873784 
3461573962107430 
486523549 
1592414130 
505170390 
1133835601 
362784143 
102001072 
431217616 
7145487 
7160313 
513727910 
32149224 
76796588 
87652481 
3493077259914140 
83590033 
3493290332653890 
3493287042222610 
296469321 
489584318 
1541216082 
1880784084 
3493257034074710 
486825590 
177912901 
519679675 
1406081473 
213729938 
663168322 
1701606290 
491278115 
47798808 
3493132758944200 
1833474118 
646176672 
3493289523153600 
228135 
1212822308 
185629367 
157312357 
6484819 
400145013 
346729833 
3493290177464470 
30880159 
2023034 
1675848800 
1254682022 
498191133 
1692806795 
549964042 
647471089 
520696969 
493498815 
7748747 
2133375832 
1066149225 
1658247678 
3170295 
1130424431 
1366370291 
1490894103 
1473910172 
1965022271 
333600220 
630503886 
290820689 
23618593 
256215375 
396294590 
245048070 
419490504 
473785149 
3493134744947540 
1219480370 
667145625 
415959985 
22573515 
505018129 
589765135 
7283809 
351498505 
3493289686731010 
1885116188 
3461582377978610 
8277941 
477248013 
1015641426 
1089972609 
436503096 
1501366658 
3493289256814790 
495584936 
483041175 
1416158 
473967640 
28229492 
1988071399 
513998926 
1121486142 
1594987113 
1423726012 
1235072805 
1028744745 
490739174 
483364744 
693973134 
520317348 
100382339 
510715639 
174474693 
215088138 
33632422 
514564531 
1568605159 
1605592818 
1908836921 
44674003 
652272488 
661914034 
398046622 
21046647 
367469529 
401791721 
399534806 
1692785975 
358584959 
3493285702142410 
1499885048 
349902016 
347658102 
3493103868577860 
1308739710 
673743102 
1534458806 
616725170 
3493080300784250 
399855777 
346038214 
11149794 
3493139109120710 
1154551066 
360138551 
331741385 
1830459099 
1095783786 
2122216575 
31815797 
1997861308 
1809396177 
43853342 
1666744130 
17352775 
526205124 
7319404 
288141805 
17241426 
54305085 
3493093647059550 
486234931 
3493289036614620 
3461566485760480 
73692863 
182945294 
3493289175025820 
281707042 
3493131601316080 
1484634650 
18784053 
3493119205051210 
1976712211 
1041850911 
488267713 
690787881 
2016698273 
3461580115150860 
400773940 
3493111126821340 
1039322216 
30322572 
3493112917788960 
68120940 
544084837 
14174349 
132666433 
49534387 
424094710 
481174590 
174285790 
414123759 
398479460 
500753846 
512824102 
367242981 
456459463 
1977880290 
454276631 
1054413926 
1752483918 
347000483 
204361680 
1519051220 
3493260198677000 
1343205652 
3493082584582240 
1220889940 
12778753 
1322312470 
3461574236834430 
3461568182356260 
691972779 
252917856 
2085165387 
518628546 
552762624 
85121531 
3493288499743410 
1224605393 
350209839 
397162831 
196392040 
696803259 
1748864532 
487069438 
201514706 
3493129124579340 
18398566 
5778786 
1293207305 
505681911 
94414952 
12032667 
510949299 
301961325 
532849461 
1442101035 
1099675477 
452588966 
52053879 
3493110107605360 
8144196 
3493131804739870 
35852855 
2007341471 
438948621 
1912164702 
455768718 
352650989 
292130920 
192268066 
286234407 
699344642 
397001606 
2134026102 
483347331 
1043207907 
512620302 
353699639 
176065731 
3493272536221850 
1878893262 
25300716 
3493115222559030 
285058257 
13697129 
400167983 
1191045727 
291993989 
10864859 
8180994 
609948406 
1279585488 
2004781197 
1237740573 
3493138331077120 
372318864 
1220905289 
3493113307858970 
2107685580 
1218414056 
3493077706607420 
344269550 
626772554 
3461567301552820 
290633479 
524215739 
156365120 
21988693 
417495380 
156365120 
3493287851722910 
391586345 
2055822518 
359160761 
400568 
20266555 
1409559505 
12906425 
1392469299 
321707497 
483613912 
471503357 
365188231 
39093855 
497789743 
1518306475 
35357015 
49812178 
3461570703133390 
1960643547 
673592572 
436329230 
527431083 
3493273863719590 
1626443147 
581880671 
1080189176 
1674457697 
627609522 
1484419492 
602161207 
1338967073 
360798747 
399786284 
675950280 
193463594 
4958663 
114479148 
1238374294 
6172778 
1901798817 
2017800061 
1072393920 
472157498 
3069550 
482657875 
549597934 
8726399 
1860286652 
1217722471 
227049108 
2136591912 
95115759 
690655823 
386507050 
3493144324737190 
1934533924 
3461574291360220 
17456219 
475334592 
474507374 
287105555 
763122 
174966012 
13836739 
3493146744850610 
1685643984 
1183086170 
9964164 
393430517 
2052259277 
294899169 
288127140 
179041367 
259269663 
439288042 
1962684330 
385990763 
690042190 
1099624607 
374889302 
1123666202 
3493118965976010 
11584926 
697724114 
298084503 
671016481 
49289465 
671172106 
241337437 
487363799 
226134302 
3493285142203230 
544563249 
3461578410166840 
490650887 
690822172 
652122695 
3493285855234200 
38017940 
1007441279 
481862728 
17763943 
240882152 
85246203 
93687190 
318416398 
508717054 
592103512 
348613988 
31909926 
389563281 
4933023 
627085879 
1869067741 
313247366 
325644763 
31396410 
9244884 
3493143110486460 
4665647 
326448421 
455702796 
3493286253693720 
23149790 
1745006780 
240294908 
620078539 
24479664 
3493285196729120 
39632891 
211781 
701601748 
1391642077 
276219110 
389629949 
15460018 
37552656 
344287511 
549380815 
697155890 
286917936 
508307489 
3493270191606660 
4820911 
59458578 
62750772 
1492627535 
113971584 
3493131980900620 
629053192 
42344554 
3493122562591030 
471722282 
1276663115 
4227249 
511807570 
395724755 
12718356 
288693597 
520220878 
1691247981 
399219829 
1346503381 
3493285876206350 
1407965639 
357789043 
36084111 
674247135 
282679980 
1717568860 
1917608964 
619375344 
168607345 
55967699 
42346438 
287317064 
35378753 
3493123518892140 
36207142 
3461569876855140 
16123455 
3493135294401260 
355813160 
87401620 
1921507055 
228271325 
2137096171 
35524045 
506617556 
15214407 
333119237 
181745718 
3461583162313390 
295355700 
416498218 
65749733 
630807260 
248940477 
289615290 
3461578124953810 
291198486 
13745978 
153317932 
449044371 
1971818461 
290534578 
366076018 
175657673 
414401114 
95034565 
1249438230 
517884898 
3493082871892830 
4040113 
3493277261106100 
321842305 
20601942 
3461571397290340 
114254770 
1212350927 
3461568660507580 
315956701 
22222079 
1191250462 
3493285213505920 
1163044546 
2251799 
11281036 
56286382 
2050480002 
316599292 
1979871495 
4977009 
1870408183 
478905889 
302565832 
2198460 
1644246255 
8881385 
379745506 
33700267 
28904247 
1747957037 
503280637 
1456729538 
278911783 
30008587 
343010287 
22901862 
351856261 
44927079 
304057944 
5109503 
37981474 
3493284326410340 
3493282426391070 
165671894 
403367306 
43922749 
1837825972 
521226535 
602693064 
1896249211 
1023748709 
166189831 
3493282126498200 
321776671 
2235717 
170613092 
413009320 
3493284796172300 
1097323003 
457082244 
286284579 
3493284752132210 
5211971 
472693771 
511218717 
118613912 
9990521 
37670871 
14621720 
1973589748 
14407448 
5206696 
2017463186 
359356559 
1106472124 
3952383 
486146645 
299422900 
14808410 
506617632 
27133573 
1419956916 
1572102228 
1943929884 
485108232 
375532129 
3493283718236660 
1950585968 
13842655 
3493104940222730 
22200864 
432216373 
13552116 
3493283930048580 
1925216425 
23509814 
8973011 
1285706625 
1208940731 
454559765 
450640666 
382184806 
1527256294 
3493091692514190 
3493283932146480 
1850891838 
1761676209 
162998247 
479198510 
641963895 
521356292 
432268927 
756990 
2157550 
37286229 
1328388806 
1704456696 
619330602 
350643092 
650001033 
1546115782 
402720149 
1748959268 
3493089494698150 
2110032486 
1351372370 
643386723 
1072810753 
3493124718463350 
3493279828019840 
2146636452 
293555301 
693599559 
1401428466 
2060570161 
634882562 
406864690 
137962587 
6533055 
675291529 
20767126 
3493113274305380 
412605003 
51593336 
13350437 
3493264424438470 
1592977194 
613207245 
34451347 
33667581 
3493118538156080 
1566967241 
27704347 
3493117888039440 
33957413 
371683557 
13466280 
692998800 
3493283783248610 
1173869607 
1318248214 
1293860883 
439024383 
13319491 
9304527 
422574588 
3493272271980980 
1486882123 
1789408755 
241371349 
121757471 
1976619625 
678649947 
1189969106 
15526586 
3461577911044250 
309902882 
24166217 
346139263 
428317594 
455326845 
110840047 
429574086 
1103163767 
413145623 
583187531 
696024222 
1513217202 
300596133 
4880591 
1620057306 
678816000 
1172448742 
17930559 
69735703 
3493280316656060 
3493140365314730 
1783653599 
59931886 
650985005 
3493281461701290 
39554005 
691462788 
178109883 
2089636322 
3493266358012180 
3493134606535480 
3493146155551050 
13776210 
94872020 
476656803 
23617139 
430056361 
1782130719 
25073029 
1797642574 
650853583 
3461563373587160 
179606227 
3493271238084780 
3493278144006900 
3493283581922100 
3493127461537980 
94948234 
1437333389 
3493114884917360 
1359250483 
634826238 
1409713949 
425648565 
26533002 
1445651701 
172789385 
8425226 
18758269 
212091313 
36435683 
17121297 
605600550 
472278374 
346373237 
13326000 
1428729498 
486469349 
381844561 
1774596601 
27485635 
43832883 
498504575 
388783483 
77016820 
176072454 
493330109 
3493283172977300 
180368426 
3493124498262680 
4722132 
3493258860694130 
24148791 
497996349 
49818309 
8479306 
11608156 
50566943 
32804276 
41111964 
89253053 
164915955 
23419631 
496198843 
32728081 
1418024791 
335445511 
1661947692 
291199146 
671672400 
1619991664 
519478422 
14070132 
1037742958 
1002411782 
2056487931 
3493271401663010 
358760327 
1784510794 
440791195 
386479602 
380521800 
356280308 
263847291 
1157491031 
106163389 
3493283005205230 
290514851 
1581240239 
1419819254 
360730829 
475225324 
178084343 
28007136 
1967215902 
481674074 
157405655 
181581897 
1278594054 
1025325782 
444374796 
2091033661 
1767242 
647236276 
431031478 
3493274507545130 
3476348 
168634935 
12703695 
346164671 
3493117093219060 
508454978 
1723172071 
1544506195 
513453671 
367193475 
385424492 
6258700 
3493125989337830 
3461582480739000 
599451852 
437465055 
1615169082 
401820805 
553326370 
3493282642397510 
3493282640300930 
475527510 
91550505 
270357795 
483626762 
1581865853 
37558234 
520893404 
436149628 
359264360 
645989732 
62847355 
481544141 
65939732 
390320670 
1333523267 
291638277 
453779643 
100376926 
45776863 
1716224378 
400355284 
3493274264275490 
3493282556414650 
435747735 
363270464 
314565173 
14057524 
1892257771 
1166212582 
475863153 
22461953 
21358821 
1121883735 
3493282449459560 
3493080395155730 
3493105946855860 
9020875 
1175899082 
18593494 
1223992781 
21680422 
247243969 
14919873 
1503941 
1467848266 
630556914 
