520959434 
1001665134 
2803331 
3493261851232820 
470534222 
70561143 
47113 
12388180 
65359021 
541337521 
17459619 
398434096 
2003257676 
163585298 
12743026 
1004242014 
1712835251 
1968673811 
411923621 
130145004 
32159369 
689490615 
21610454 
335947209 
1330656764 
82692544 
608147583 
3493137804691710 
435564653 
317409206 
1312346595 
362589098 
412805435 
3493292880693920 
7424093 
1480462839 
20810724 
559644928 
33081977 
1229226389 
44546166 
3493116923349700 
1844490991 
514776885 
393639208 
33081977 
507401199 
387972225 
1380844085 
1499829115 
318964163 
512799616 
3493280343918930 
3493256908245750 
322819181 
3493083631061080 
1443352930 
436993849 
526287774 
1497740867 
1208402566 
511365189 
3493111940516330 
1404318697 
448883791 
39152449 
591982189 
1685201861 
388287577 
3493122717780800 
470387943 
319469385 
522136594 
3493116982069250 
316539744 
678667229 
669973465 
2676321 
1066686488 
1461282944 
498211074 
517802440 
523343341 
1068606261 
299376188 
1058438287 
60891200 
480013788 
3493298765302020 
35810169 
1218751270 
3493287723797170 
668090514 
674662210 
399892240 
649340816 
3493289298758490 
1084947548 
482891403 
63288594 
1769835591 
1757875720 
442470134 
351626071 
646190728 
260621504 
678296961 
12038000 
1307179011 
67680157 
3493123164474160 
1207128424 
1308119967 
472182014 
439068859 
1296352040 
1974754824 
280002255 
678537770 
1022995040 
353688288 
1945705748 
28755796 
1490334333 
3493286146738990 
1407802839 
173927950 
5033655 
28755796 
7652785 
3461569828620490 
541785104 
524235100 
382130223 
1225108178 
299642166 
1945294272 
478883399 
217069383 
1960308344 
390971933 
1141912296 
375685124 
1399867243 
1839846539 
437757649 
1788926720 
483031964 
3493269273053950 
1052631527 
28030638 
1182964918 
1658744870 
3493296282274640 
1557587614 
1899372338 
129433833 
2011153361 
1097394756 
399868303 
1050003706 
3493262379714730 
1957193545 
317018226 
1924438401 
536479351 
33126055 
510093474 
542835907 
2112564 
22241226 
1795893308 
487617400 
30604538 
409545045 
6274158 
357682166 
3493092384574350 
1559442193 
1107983196 
11277007 
12936071 
1442385228 
12975820 
1905071958 
3493269122058600 
225265431 
1914064109 
1037393362 
1623531111 
10229606 
662514410 
21558510 
3493289766422530 
260630402 
1517246361 
402972068 
1643238396 
521132350 
499015240 
1326781151 
6588497 
4816517 
1166048543 
258893607 
1715513142 
390023659 
1869923626 
2118423838 
2016925258 
382470442 
1927519853 
477836169 
51725407 
697810303 
1376249434 
3493288002717850 
451532991 
185409650 
2200612 
1985984556 
101200372 
1699070258 
501410363 
3493279519737960 
701429080 
1225969095 
3493119901305630 
457392594 
258319677 
442705321 
3493075663981070 
321791245 
204485237 
3493271368108820 
1702869912 
606432699 
7103866 
7892709 
22291694 
495419341 
1841378314 
30377960 
242161057 
95341421 
384134943 
33616723 
262276530 
1510335140 
3493257480767660 
2001045919 
1124123127 
279766454 
435752273 
3493296162736980 
4741960 
397087946 
452129453 
44061541 
3493089788299980 
674527323 
2016480955 
2047193958 
3493296582167470 
1519378980 
456593885 
1525195480 
117628 
352318413 
3493278508911370 
1237939308 
227060848 
612728866 
409544048 
16185185 
3493268908149620 
2026724350 
1025497879 
81553908 
273159 
244467143 
445248887 
629283035 
2083336089 
3493125347609430 
1873672300 
26939947 
2680566 
3493084012743250 
1465718303 
386189894 
3493142376483460 
494330799 
9642771 
1246892956 
15629874 
169935935 
3493258172828500 
609210397 
3493294686342120 
2032686742 
404513810 
13490308 
14179486 
520989454 
319213813 
1928384289 
693731822 
549831389 
434160667 
146945270 
21287308 
52589952 
550216706 
1780957216 
1920170377 
37779025 
691207962 
1373832535 
283731470 
500630057 
1755774818 
6750723 
1242531330 
1627538680 
1457761238 
550745808 
8669462 
521710609 
297689167 
1406967839 
89861791 
12890420 
1473287808 
3493260613913310 
384453467 
515998633 
1709503016 
2058294398 
1284365806 
224596331 
336463833 
514520127 
1100716016 
351358421 
1022863676 
559601215 
3493129655159590 
26642749 
4906810 
20221638 
3493281656735900 
1541623540 
3493261232573230 
277800773 
701920062 
435709600 
1793842798 
393810054 
10701587 
102294615 
3493119679007700 
477982795 
32230410 
1234171349 
393690784 
702345169 
670292023 
3493263608646160 
43739350 
635616978 
3461563159677520 
1782053892 
518893202 
1751194065 
455118916 
110371707 
364628575 
381589579 
1004386692 
624887685 
277034729 
2129411609 
20973114 
630793032 
1904318041 
1127382719 
1477858105 
475536897 
1659641701 
1645888805 
1731201653 
3493081198364680 
33193599 
286980678 
549015594 
1875319976 
650847179 
1472124293 
20145317 
1958182370 
323918755 
1015980115 
1813266687 
103791442 
510107444 
1570273676 
524261354 
344833838 
3493266645321820 
1138392833 
357143566 
1341236282 
3461570128513480 
1365743715 
2076915655 
272364866 
333535819 
1002373503 
663103561 
35940724 
8304054 
442273815 
399548169 
697678555 
2042027346 
587958163 
31376115 
5043057 
100713650 
338708595 
1987700374 
3493293734234160 
402958163 
435503275 
