3493291930683450 
3493295885912780 
1216869778 
667691523 
275393123 
256225929 
475598618 
1397694193 
1500970403 
3493089136085220 
313550635 
1261320397 
629693246 
1582916627 
3493075907250550 
1541642321 
1207085577 
3494349186796250 
387284501 
1734913451 
491895744 
436730349 
439262063 
3461577516780500 
330017255 
259496521 
567704452 
367989470 
448143699 
3493285454678800 
1082909380 
3494349778192830 
1497978578 
1669415105 
1087127668 
1194431493 
501125109 
1787634747 
3493079642278820 
21338637 
513924506 
1781458019 
544235691 
3461567320427390 
397169871 
501186382 
3493085797419720 
159329386 
147825551 
401185317 
3493286071241550 
2074499488 
3494349646072670 
3494349184698450 
485402909 
503504599 
3494349553797540 
1640746927 
43946177 
3493077922614100 
283421758 
1697659686 
454269768 
3493119809030670 
433347607 
3493291995695910 
597876597 
3493271758178570 
395920031 
3494349398607970 
294679 
205967516 
489752153 
1876626177 
383317703 
3493113148476200 
695229792 
1703406723 
2015320654 
18702393 
1544021671 
1377075695 
542163098 
598786518 
1250183742 
1505463721 
560502092 
3461581482494520 
30680876 
2017745236 
1034270886 
284142307 
480311246 
510809699 
3493284863281540 
3493258388834870 
1986887798 
3493264732719600 
1246337817 
3493298205362380 
1635440158 
1120222219 
1348935929 
1347911645 
1512164475 
592429217 
661329128 
1961499386 
1560097880 
1665177945 
1502857865 
573774842 
3493259605182980 
1422326205 
2021983806 
1106429384 
3493299268618360 
676140625 
1388048292 
580589652 
1928638832 
1186669149 
3493283131033930 
630890430 
1591734704 
3493297188243800 
1762290596 
1139785157 
1218398633 
3493287442779020 
1614041544 
28154122 
294641318 
60315860 
3493129084734350 
1481755299 
700329192 
400464696 
3493299102943410 
294761315 
628809829 
2117630333 
1688181622 
481038863 
700930418 
2092300703 
525355113 
379437232 
3493299063097600 
1722184064 
1255867715 
3493104122333800 
38304746 
442018144 
695376076 
550426059 
647570311 
3493299000183530 
1297761131 
1045155867 
3493266116840230 
21627874 
599543941 
483269396 
2841391 
10605995 
69222772 
3493112087316860 
3493272806755230 
3493272007739690 
488649462 
1362114127 
3493286278859100 
3493110415887020 
330858568 
237766334 
3493298545101240 
345177979 
392724385 
700900414 
490761120 
3493261264029970 
2012393053 
53516136 
1912079310 
3493257271052590 
632518308 
1991485957 
11409072 
221013500 
3493298874354240 
1996232330 
374368625 
390971933 
2085919494 
398585431 
455748886 
50771631 
692951922 
399180666 
1988530978 
1194791929 
3493298660444650 
52820727 
3493273775639480 
1792089804 
3493283963603740 
1014311058 
1840898839 
3493298813536350 
1270956627 
1112479287 
648162789 
445951210 
297210352 
128750668 
3574000 
1846087065 
37016544 
3461575105055390 
3493270107719930 
2785684 
2088522797 
687816558 
404521641 
1343517994 
625863860 
3493298693998830 
323724955 
3493081158519030 
1062949565 
2086826912 
1812225893 
1760855205 
3493257900198020 
3493298448632180 
1062422325 
1978815981 
381275474 
2067220382 
3493117554591940 
1961704555 
351963243 
1781316209 
1998843110 
1850457741 
3461567068768460 
3493076379110300 
2103000437 
1472361294 
608879761 
356878446 
1849702487 
1855389135 
1562989957 
3461575964887050 
365683800 
3493298448632800 
3493298419271690 
3493133167888820 
1537349579 
3493259701652050 
531651194 
628698224 
3493288835287850 
492324081 
504018378 
15609399 
61115942 
1623063301 
539558887 
10617321 
1229060633 
3493298312316950 
3493110097120230 
29745537 
1349444517 
3493139121703450 
470136767 
471127634 
3493075483625590 
630994190 
5536882 
509539778 
17448690 
30431562 
3493127207783340 
10820651 
3493298253597290 
314048706 
100458422 
17758944 
3493281419758070 
514794065 
3461567985224180 
3493298230528790 
516037805 
1866273133 
494648075 
3493298201168710 
434065206 
1128071913 
3493281392495340 
3461574117296170 
3493094043420850 
3493266760665690 
406983996 
3461566018095440 
1394882706 
700754984 
3493138677107110 
3493298108894140 
46722720 
1166729862 
518627952 
1066663610 
1416951420 
521527916 
437366470 
451910602 
3493117630090140 
3493108184517180 
1407849155 
3493266362207100 
3493297964190210 
3493296856893700 
3493133866240220 
488246462 
394961421 
1793918601 
389459242 
1188344874 
104441639 
3493109256161370 
23339571 
496642257 
121826086 
1471457584 
2056946597 
692753758 
3461576122174170 
475649321 
350719819 
1112477555 
1154999816 
3461576122174170 
390752106 
1450039502 
450473077 
1228604496 
1094926243 
3493295741209570 
11303156 
3493290139716130 
1777345663 
25432070 
662567690 
1263763912 
439114297 
388032013 
3493297687365710 
446154751 
667883362 
677953795 
3493110839511060 
1530359167 
1099610205 
259362148 
629104201 
32254389 
501884151 
353903192 
628315197 
507553422 
450721305 
2012286018 
1688127494 
39154557 
3493295049149280 
254676877 
3493112190077860 
556466681 
1528995507 
1952363656 
1061103781 
519242197 
3493292203313590 
631158832 
153820398 
510191095 
553232285 
553793424 
272294160 
531189660 
1832251145 
608681010 
1097402576 
1693989149 
293664723 
1828279833 
1563277259 
455837906 
1147884064 
442715558 
495508751 
3493276795537660 
282974892 
298254953 
1940968945 
3493293698583290 
3493256740473370 
400963921 
343903482 
3493263203896230 
1937607970 
1947686701 
21573101 
2067224752 
3493271391177040 
3493289042906030 
400685692 
571705115 
1828232247 
3493291802757190 
500965688 
3493110847899990 
694287500 
1836582203 
3493296299051830 
1838974577 
3493136754018890 
667532970 
621663932 
384044876 
1612744568 
3493275583383900 
378520628 
3493296741550120 
1043346463 
3493077637400960 
482594992 
310820908 
94262866 
413996779 
22572675 
111285122 
3461576730347850 
6706340 
502727713 
180272309 
19132389 
478879609 
382333902 
41693054 
3493296586361300 
3493261859621770 
605829568 
533283714 
4956806 
1714886207 
3493117841902100 
488473635 
1237939308 
199054795 
392510336 
3493296418589570 
1307070 
3493107580537460 
1385278986 
397511129 
1019969173 
3493091419884330 
1719358450 
131768712 
3493292629035630 
389978487 
506977017 
454621872 
1893272919 
262541927 
3493128556251800 
416503497 
1019888876 
345174495 
3493083974994320 
3493296229845140 
3461571154021290 
111642803 
