10957650 
1743741 
9420577 
1813351 
6473714 
6632237 
3074083 
10165668 
2899349 
362968699 
503 
18306604 
183980100 
3625560 
6046515 
62921501 
10687918 
172467764 
1575399407 
1522090 
9936576 
6551461 
57503496 
204016 
7391732 
43628444 
76737892 
325878176 
5992259 
124675948 
12007970 
9404442 
322681066 
100391354 
501346825 
5583622 
1568505 
12675150 
20524614 
61571689 
2605990 
7395911 
345623 
4488172 
8466975 
530920892 
67811612 
19400706 
745493 
2250037 
12647146 
277710095 
161330 
95771893 
9123887 
201643 
2222218 
353570011 
202436 
34566602 
111948 
23087423 
8991735 
7696793 
545068092 
176106288 
1773007548 
29225684 
5516828 
18075705 
14108273 
74172799 
255287314 
416192807 
544508 
5213958 
74361037 
3325405 
372845167 
54810896 
40163722 
23065192 
295672176 
15539222 
127146 
7809462 
17643332 
22497436 
25841631 
6189188 
273054362 
32214713 
109191072 
49783 
59586873 
8587268 
13430445 
373830009 
7685033 
173295809 
16508039 
32086915 
1757179 
40032032 
1319850 
7476298 
30372967 
174497511 
234440248 
758919 
1825521371 
77365726 
49966237 
383160563 
3327192 
653812 
33086250 
19482308 
6976593 
137735789 
660397252 
441692546 
2105327491 
8971406 
287300269 
1440789473 
555252797 
1690620 
250540743 
391384658 
3493136145844500 
226915514 
54886657 
332520018 
482989870 
200765800 
1410018323 
396426306 
329238237 
14321912 
351173420 
11487093 
95548028 
36172082 
397406705 
87592602 
500333913 
3461571510537150 
431413812 
2348574 
18894985 
2070046405 
481183109 
24546023 
330004677 
2843914 
435004942 
30671114 
590731 
11106722 
229132138 
179691912 
50041670 
15589465 
87325923 
3493118156475340 
2028493 
383155635 
99840762 
733078 
214644184 
104493478 
22944604 
18033 
1795414 
231976387 
326747818 
309523068 
85280874 
95146663 
1204751673 
33325604 
562460277 
449264420 
434427842 
412600686 
17895734 
2931523 
9311950 
2609877 
13554623 
31072769 
338506652 
193061422 
172881844 
514815304 
15227021 
289946333 
650050872 
3999746 
631163483 
9156907 
37876511 
194600863 
1820584413 
431171979 
86105475 
96122 
17876614 
299601301 
37281383 
40915116 
109141998 
3795387 
473307044 
281361399 
21556656 
377041330 
23195420 
24941265 
3728530 
2122585902 
9388267 
1571113546 
414913743 
402079849 
21999075 
284522817 
405129 
3493112443833040 
353154450 
257588014 
180153677 
88079278 
82666813 
37859017 
45865927 
17498536 
268120044 
207030855 
8536712 
472419789 
14610128 
311820 
179742488 
2569407 
485366989 
81838051 
300729740 
383060945 
285444914 
548632 
11114050 
1508271984 
3900341 
24204083 
9344282 
594575707 
13334836 
169249432 
236876944 
230092311 
348035678 
3955863 
7686291 
171677314 
228442277 
396106770 
422461141 
1538082795 
13212151 
646152479 
1221537741 
287043326 
349126772 
162706829 
70776521 
350708619 
1736077753 
37738966 
3493258070067980 
3493141290158300 
1651680 
1624640 
1361056638 
12700783 
10982069 
54685361 
400597248 
327725982 
1405792565 
211264477 
415429328 
10727729 
10803936 
22895388 
1895392 
105060178 
433728860 
26484920 
543940910 
420370974 
31267355 
403467083 
447862784 
304920 
41787135 
160268183 
165911019 
108825816 
331204892 
22881406 
2013250828 
31848922 
403698283 
100998621 
911087 
30601797 
123026572 
55881417 
489204673 
3493076448315440 
225304290 
3492972895144570 
