2034766297 
47537 
32486866 
564988 
15243738 
24450827 
2661552 
599747 
1033747470 
18723248 
12235630 
8826630 
160830 
2134969062 
11281354 
32500634 
6479656 
14488696 
22457800 
3103711 
6271775 
1444504 
345421480 
1858597149 
9258575 
2433171 
446479 
5547191 
430596 
58665389 
6896866 
480528 
387844957 
3424147 
34748883 
424541 
22544638 
47950901 
15704209 
4470329 
7533994 
49370779 
1111150 
59499105 
24160367 
11123333 
7178709 
123288966 
15841043 
158423687 
3818916 
1531636 
801285 
36577686 
31629276 
3153697 
22439477 
2817387 
3217025 
6362983 
9060673 
3856600 
3315802 
15279600 
286896 
375547825 
76061331 
45189 
11999186 
95586 
8047250 
7129779 
18988036 
71271 
353220101 
4443406 
1326748 
207168 
28269239 
27267178 
316933 
142197 
8828446 
1537351512 
1536205576 
87248143 
74224871 
181481 
607776 
49645426 
42231795 
35462384 
5612100 
17404552 
1961480 
1219138836 
104348911 
1993614 
227606876 
23448924 
1592722 
13310510 
32691687 
13741246 
400918430 
277460158 
76277405 
82147199 
9020891 
82381359 
638588588 
456155272 
33903319 
55413416 
29946233 
25815233 
249893 
1831085054 
140147429 
85946635 
13323278 
3100689 
215192736 
27386269 
2451409 
3248937 
6362631 
30320 
1497706 
4476516 
13184863 
37143914 
259435529 
32612641 
146063785 
167530048 
353022 
1798607916 
1584422 
13153673 
3764015 
355861815 
439204351 
100704785 
177197 
594507 
112279 
11347901 
6538171 
5809098 
367516575 
11409734 
305966205 
325612058 
4334020 
87640175 
326753906 
2904052 
51743 
2725252 
2135768578 
15568183 
354390720 
100535834 
522856698 
3352217 
266584032 
4393825 
326175899 
1984430 
403128 
332389180 
14412517 
267710 
66234774 
21030178 
366865943 
353686937 
5643219 
16577972 
6654129 
11009028 
9217834 
829070 
5077577 
431332157 
1622611 
1724277 
20994319 
103254579 
352009 
8801509 
136635239 
721965 
475400544 
34184065 
32071363 
69674 
13722878 
871541 
4148560 
16616195 
39983706 
186401942 
479962 
178347 
102278303 
662831442 
1426643 
355558201 
5350128 
4950321 
363204493 
1022320970 
13223402 
2935656 
11722123 
38567376 
11761395 
292734319 
3461580746393980 
19142657 
3454092 
22747356 
252101174 
37226845 
276951706 
4538685 
8040763 
4217700 
3493093319903620 
337914356 
22104806 
22226715 
566597 
275391844 
12238526 
176049710 
34075164 
82299 
4283057 
39445997 
32600735 
39561820 
3083035 
5106279 
9391187 
283210 
1644929 
14089969 
13788255 
505316709 
13038581 
3038313 
14260953 
27242497 
6063350 
1024957331 
4258531 
3799239 
201150874 
16110800 
16057757 
91423816 
34585310 
298107 
11172266 
35614187 
226996023 
2081658 
8222601 
344701417 
11489557 
250881 
387838222 
486651592 
11540034 
2261624 
28708677 
337430079 
8257402 
20932 
1726833 
773090 
5875787 
328037795 
19164549 
485625 
40729357 
3516758 
3079558 
1549431501 
3902907 
1819024 
52293637 
20730411 
102644481 
141852843 
3997271 
414502056 
72979649 
11854167 
35805178 
10016992 
77374718 
322156079 
51546547 
2194016 
2574252 
92276857 
543745447 
419091051 
573375 
65062970 
174361002 
347370531 
14841317 
443522157 
97380252 
178066438 
424569294 
7660591 
364266102 
34075195 
13891137 
63061905 
593348336 
305803856 
16010551 
437347153 
21115753 
151232017 
341636315 
1476078 
44521045 
34620772 
22317881 
6429658 
63677098 
5268343 
490395563 
485609415 
46914 
459020 
438879012 
409587 
37711258 
3493256595770120 
3493136145844310 
3493130095561520 
30571987 
4271328 
482466805 
12030023 
38847694 
444971519 
454524098 
36456969 
570664238 
4273314 
430854144 
42986766 
13148330 
44640134 
403655546 
350999249 
281800694 
27385616 
16506261 
1997972 
13462333 
12469058 
4099291 
454299940 
153433954 
841344 
18333018 
75012051 
7067473 
14934106 
10813802 
104950941 
9538201 
4157574 
21894 
6069718 
525681356 
507113387 
8058943 
230973 
79563193 
337464 
176457805 
304166 
15124 
5573079 
23088219 
4001629 
380061 
37897721 
8528202 
183821916 
438078862 
38418071 
64482286 
34188733 
435911806 
437078137 
215293 
7012527 
595982 
299438775 
122527924 
751920 
38944634 
911672 
353013573 
8586909 
294637355 
4859682 
561944 
37987413 
3192881 
2714777 
127289544 
1741767 
1899284 
69745546 
15374489 
99055830 
8423391 
32965867 
161422121 
99218837 
5932178 
1528815299 
23261173 
29223678 
12759097 
7490171 
437659896 
7182005 
18843564 
11482872 
160092047 
16680294 
20696147 
35161345 
2034479 
22756515 
13447020 
8536552 
1749072674 
62317408 
40785494 
2531406 
61065295 
47479673 
293037 
21257324 
1843026 
16497108 
1413317 
100611041 
7197426 
51513345 
4266683 
442015471 
2070721447 
102134411 
13105607 
17545630 
11604074 
472403 
185224 
2696152 
437286198 
5204735 
1463325 
3325267 
128471 
17080992 
299583587 
21590547 
9902958 
491228159 
104520383 
2523186 
132825 
225849832 
1236417454 
226368 
1352457979 
41579 
25161620 
299727433 
11499728 
6701318 
35595921 
263242918 
95160125 
13187132 
365402985 
19400882 
1458959344 
222985 
38931903 
174390 
2475790 
2069931 
7766505 
2202522 
1277387 
12514660 
476380777 
7030302 
656157 
7928859 
313619569 
474930 
31726841 
267407259 
19969603 
1734970 
11620222 
2561796 
23260285 
639041 
1339731131 
192911 
906475 
1775596 
12047954 
297489040 
3220382 
37854591 
398452452 
17047260 
17365965 
4662670 
45799501 
13132789 
8207964 
10403379 
88164206 
44569357 
2955839 
3853484 
2287231 
13952606 
584824 
3105204 
36199312 
9838503 
55810643 
330624 
6339012 
4250199 
33561842 
219288 
4379746 
834175 
603847 
644774 
747161 
8586921 
14487130 
15357957 
188402 
298531273 
167546 
507856790 
19865295 
1028285529 
37161583 
840906 
4334224 
26650430 
49707458 
14347251 
8724025 
12752604 
31943962 
107949051 
295420541 
414137594 
307245426 
184980504 
28291869 
10826173 
100221791 
5265249 
76949841 
3878700 
51818085 
176415823 
2763408 
5315889 
23336908 
18254335 
61285 
3301356 
9025427 
474419639 
102324746 
58959 
24332002 
13803135 
1522334 
297139251 
291237910 
255323486 
88202140 
6513150 
1943222 
3710775 
4766852 
5122907 
1536643353 
333628490 
623422 
89373467 
11604899 
1452339451 
16428604 
140895 
13649274 
34791312 
2093648 
107607963 
12214742 
7867173 
8300611 
8053190 
23274562 
5521077 
43854 
194009055 
13202190 
10717422 
10857410 
2486006 
1895434643 
80934649 
52721668 
388648751 
1394306899 
12729779 
21254408 
1955785950 
185032 
65849467 
5772105 
24649097 
337958228 
145954364 
13800000 
1562277845 
1474267 
609617 
2017211 
321550848 
416231700 
107516902 
54788767 
425578586 
288682479 
3034288 
8920136 
187976989 
243848547 
1635771 
2490 
2416243 
34414290 
122415004 
285844543 
3874017 
468522 
18038559 
11358745 
454017 
29929453 
9012252 
16364192 
2598515 
4397628 
29589067 
512571 
353794245 
12303791 
6530780 
15347555 
91789567 
178845882 
424999 
884963 
32963425 
3299762 
4306790 
866703 
34888291 
547815638 
80145 
37256179 
11943554 
11331356 
938844 
34012517 
16050914 
23160542 
242019381 
327386401 
13146366 
27533021 
12532666 
28499438 
44371919 
45046906 
57660691 
533174153 
1738394 
109023055 
225928791 
248269177 
11466543 
2239135 
10047083 
1265535421 
628766150 
527140076 
24431020 
321882740 
250222987 
430877667 
697332595 
107442166 
8522961 
447614041 
44415421 
19517320 
281743005 
856222 
5181894 
176572420 
347819072 
18930180 
265620947 
583218389 
3493107716851880 
357381382 
25496950 
54894885 
36068911 
2262330 
4396304 
162749179 
327370299 
226166253 
14480221 
3633297 
23870546 
2090187 
13954611 
886340 
214319605 
7483455 
229193098 
14051038 
125114727 
43028773 
451270368 
8739638 
18852 
3066694 
760214 
50582044 
24679217 
18927918 
11252239 
30488 
49644585 
286693561 
14713476 
14897254 
4929029 
939187 
3868523 
4322916 
493434 
1390627 
34809158 
284123 
17377428 
511535 
199806339 
24359113 
131024 
37010438 
80632694 
2711162 
9212904 
9213 
15351741 
279874804 
293481881 
35243497 
54745714 
13823978 
545843065 
549913 
178322731 
6273639 
50575 
26758131 
2890 
2814780 
252174947 
2388727 
22455210 
219531853 
2098870066 
171710208 
13780231 
134011725 
1196716267 
11555563 
10936665 
101031 
106365021 
6766863 
12253819 
66926942 
98871902 
130808607 
3338015 
454037115 
354024384 
7861980 
179616591 
3912708 
128436357 
14975012 
205368425 
173458492 
2006683 
29142398 
6411191 
38398959 
312093720 
73750 
668559428 
6549858 
926567 
699019 
622966 
7339225 
265202897 
3587898 
1595229 
546006323 
108535545 
282468 
438494811 
396963848 
180190537 
1369021 
6562963 
1401404046 
2554422 
272036770 
480512780 
174515924 
408175593 
39314217 
383262455 
189255491 
1825820366 
150177 
4173907 
132097538 
130348720 
264587 
37707201 
349800821 
22301218 
506399227 
4616225 
210222097 
7076511 
2132201770 
744851 
28092096 
10924812 
470501198 
34498474 
39665550 
751838 
98992585 
2499579 
3543961 
26630679 
12778513 
11869741 
1057089068 
3461576841497250 
89611456 
437714003 
1308675378 
98133 
8509003 
27628196 
429418864 
94674222 
263001705 
110478674 
6479634 
28617756 
35167115 
177664929 
39617879 
27179679 
392834849 
358366144 
323487315 
23258621 
33371214 
349974227 
11423433 
544002 
34160553 
39201027 
4168795 
8918853 
8449067 
73385282 
543723256 
440761724 
38951356 
336146370 
32269913 
19855581 
108159646 
678469770 
3493118385064480 
2399100 
2192578 
11247226 
71293405 
82448491 
334949065 
1846409812 
497945916 
28886518 
616907266 
3634097 
36009549 
30856440 
1250324888 
31909926 
15132348 
12209240 
50099881 
778220 
44202608 
49575224 
86100597 
75056177 
175370353 
2910978 
11434480 
104385975 
5163477 
1402674 
53301542 
43467879 
3436513 
17603759 
11659793 
116587 
10887803 
107258634 
49546170 
68000030 
2046412 
399433432 
293817176 
24915621 
45799680 
33329238 
8262805 
2076741413 
431999934 
397111008 
31008627 
47264560 
103062908 
21447054 
504395660 
76724375 
311906 
38327258 
435755273 
37385043 
3493145891309810 
1179821104 
1067321505 
379012973 
382615110 
39097341 
17930276 
1508039608 
6291265 
21467225 
87298582 
73894201 
64188842 
4668826 
457112872 
7072072 
6596909 
4197394 
24839220 
74223427 
5057116 
49529247 
35148358 
322558194 
19850806 
89429235 
697246151 
57185684 
5465328 
52786428 
51798130 
449104737 
43687673 
4269386 
41816901 
3842898 
381402902 
372265692 
37156696 
3378795 
31229859 
3059025 
2991325 
20140851 
15951896 
7006706 
67994504 
67754297 
63541376 
47517482 
401637147 
336196314 
2068222292 
12046070 
105074110 
670544784 
629296085 
48811643 
447340388 
385145014 
38430907 
380053783 
3493127925009090 
3493095492553680 
33169296 
31742068 
27459584 
25727396 
23943173 
22346995 
15935410 
15155365 
23409974 
490536 
4693775 
8378757 
12146898 
18897406 
574537 
165364 
163388129 
30570 
336047912 
139875 
6007371 
296560 
57796 
4707654 
6558898 
626026 
9222318 
51784147 
2061392 
1414325561 
18990413 
76388414 
490812 
35586962 
11835010 
7009070 
8063266 
453271612 
388460935 
380538909 
36328236 
3493289820948720 
3493285194632130 
3493142791719470 
3493129657256440 
3493113481922940 
34087831 
225323529 
208968572 
157596710 
11886239 
101678226 
545674872 
351925171 
432333899 
66810734 
32857287 
257484174 
165119 
12136623 
2053776321 
284793131 
1639878350 
472686296 
508086342 
3493113362384950 
35372454 
1884772725 
25313257 
2087237028 
90321329 
99989033 
3461574578669630 
26701433 
1913660 
18178962 
1428529392 
1133013584 
98544143 
37751414 
102294466 
8075930 
18229245 
295965855 
1723455994 
11705419 
178023145 
352114638 
12586456 
25704939 
5015049 
140373149 
32750685 
16602848 
1769067 
8067435 
564638 
2311352 
1139567314 
431863976 
15874592 
4095156 
249586541 
184791416 
13629981 
56787780 
1006231124 
563523 
401644319 
89530199 
257122 
176315743 
97164450 
20935857 
1671780767 
231867 
257217324 
55609 
71345979 
454376533 
8403097 
32878820 
10130565 
241121 
14952842 
95265544 
46935640 
4768947 
2498127 
2112688 
91464056 
5728940 
3251 
1827692 
1378242 
474042581 
24407956 
16721 
5181978 
288976812 
287894758 
2733458 
25919419 
24951290 
2185365 
2051735172 
19472475 
179392 
1758102313 
14893921 
14445686 
1363897927 
10499999 
48937413 
351096789 
12376243 
24288652 
95119805 
14262964 
23201052 
13902129 
44147774 
1479356 
3515946 
467944 
649059088 
49737731 
20345899 
433982339 
13235294 
53892980 
3972954 
316824 
356875595 
1848563 
297251490 
150190353 
350253315 
294709063 
269902192 
437766134 
5296711 
19606001 
13307239 
45459804 
6618851 
3003144 
275289883 
2652370 
1968925 
360670497 
1571429 
7563644 
64083404 
35531220 
8441461 
6475116 
9565484 
10483722 
8484539 
17646404 
11945564 
108718962 
12780670 
6068721 
440087036 
315698342 
3852391 
9448749 
4043958 
38864 
327258452 
771259 
348422207 
281533 
2416088 
22947200 
13713231 
5426695 
26041554 
412203608 
39976120 
21588974 
13054717 
205037 
153891316 
1620572 
4643883 
299733 
8311335 
2907454 
15292243 
207522193 
383397757 
201617585 
4894057 
44598052 
269483256 
32182537 
85830204 
15078217 
2204018 
7783427 
27544208 
9113544 
397059246 
11098419 
399206834 
227834 
6783366 
10034871 
9357656 
34078969 
422223 
300312038 
8542920 
702113 
546536741 
5247566 
524293035 
482867 
351407045 
3288274 
3228643 
30479900 
2970702 
284681 
237759599 
18242201 
15712087 
1365239210 
12069415 
10993030 
10966544 
10693988 
9212816 
251582911 
10066257 
87568029 
438926322 
1888698704 
245843433 
26957002 
377041088 
