15232078 
8842979 
2681250 
18673640 
13534925 
888923 
1314888355 
80013052 
14724188 
10701587 
177971550 
37862823 
28302437 
2383514 
39012287 
3493113720998500 
19466389 
22690616 
35142643 
1913562 
18075705 
441504019 
638465756 
1898311 
1800605616 
33319118 
313294775 
509469440 
101194145 
281164627 
14625241 
40003219 
12563177 
453064423 
8234563 
358980504 
101253336 
1727235311 
516320482 
593056361 
86977100 
22982548 
26562109 
4928306 
477235042 
1462165 
2030738 
3493146321225880 
518693932 
491010 
442179557 
2112517 
1310962145 
9898006 
422701053 
412787876 
307618 
28226923 
17726488 
1327189298 
1151276187 
1767401414 
1954793015 
3461575247661980 
23047985 
233673031 
25092797 
524244299 
456491204 
525011778 
20107606 
1113252119 
287953074 
1880859564 
53390156 
82112675 
826642 
14701278 
20041665 
190282328 
94671435 
10962145 
108052560 
169321647 
3493121495141010 
2126617417 
616815460 
1939866122 
470279535 
11165875 
481667934 
472631543 
3266513 
170227056 
6696336 
94517541 
67260976 
22411456 
1860090 
83773770 
96760633 
1195500271 
1078318081 
1627354449 
1703783146 
7797144 
313752123 
1195182837 
77064158 
6590622 
44986181 
5485752 
1313370 
36197236 
2836806 
545204 
9319236 
1054442476 
471161204 
505734191 
1307021355 
1897506398 
1077916596 
2721403 
12821258 
83478941 
538910859 
24253354 
180272280 
16644871 
508735699 
1390732372 
3020689 
1335649 
454712156 
101257587 
85691453 
3461572596861630 
10005517 
88694353 
3237781 
153375834 
329631807 
1294678093 
15727305 
32796423 
319415045 
94786549 
