13141393 
14876555 
696258 
13521759 
20514619 
7945014 
281180675 
8842979 
16423196 
3512283 
27272419 
38779942 
401300791 
1763643 
384144661 
179688 
14492578 
1611733 
2455116 
21574492 
1805673094 
85927125 
13864 
820307 
23268470 
13534925 
37795909 
6109238 
4379115 
21802027 
1248478465 
105052152 
34868016 
2648646 
14652279 
2679154 
21646723 
17271821 
2223573 
25398681 
180566449 
275604734 
4083767 
15602621 
185341503 
5326320 
35971080 
249392756 
68030773 
1950071 
32966634 
767139 
49989733 
15435028 
364634466 
335525076 
34449678 
271495600 
298046552 
321199762 
7993520 
11669838 
357548096 
3251573 
37680813 
177458473 
234106504 
200294394 
152321350 
431409973 
1902691703 
37375848 
34172114 
4958433 
489244490 
123203470 
305743063 
689590808 
1903638 
52117100 
267755249 
1622759198 
4458547 
129894 
26349514 
351609422 
417387308 
35892907 
493873308 
153962379 
528085166 
28520287 
1458559172 
381618700 
381923361 
662042651 
42855055 
102505144 
572303639 
106726131 
1239647574 
452281519 
224405169 
635863093 
2138233849 
15194922 
32816427 
592891124 
82402030 
674249705 
23261039 
620586547 
26098288 
173505297 
2524112 
396570647 
431928070 
89572875 
692757044 
282965225 
89350566 
89395073 
295546771 
36022667 
512258485 
396739524 
2935453 
50733823 
486517613 
13683866 
502438582 
25707755 
3979461 
38728082 
343956739 
34830466 
12094949 
35531947 
2689696 
514107915 
29745537 
10955561 
49393382 
11268037 
355889329 
241610178 
433923311 
421767749 
381710358 
32848244 
1357095066 
272813148 
1959325431 
1362054461 
647591564 
303703179 
290712113 
348689088 
524807825 
1841427057 
402477343 
353042944 
409555412 
164894303 
1644045524 
498315361 
171185852 
1115345881 
518771942 
432146528 
125158905 
499509756 
651809912 
5297383 
74148962 
2142880501 
1089813200 
32949134 
52832937 
504062788 
490569569 
38076820 
26221773 
213340930 
406104787 
351356985 
3053069 
1193440115 
92377923 
159401957 
174394383 
495529157 
64694682 
28824094 
11776603 
1685182455 
693485705 
577965577 
1442347591 
337059632 
3861722 
379931549 
27214777 
322738435 
31432994 
65250024 
11726103 
17415167 
1034789811 
1118956074 
592340863 
20185477 
1192568305 
1408633392 
37312395 
1096402769 
54473253 
509045121 
37389964 
115223110 
10274285 
46052433 
401235091 
3493117168716760 
382661550 
223871024 
1683139345 
384975645 
2058428564 
1218901114 
365272728 
352739090 
7904007 
452286504 
3461575226690350 
405583286 
226969663 
359411903 
365164878 
8375886 
171697371 
421836514 
32165726 
24367478 
398855914 
275884264 
2090926658 
5243729 
391065837 
8255150 
2064360071 
16196493 
1528952512 
9569059 
352431859 
175370519 
1566429904 
3493075099847650 
670529623 
173018197 
1876787627 
651033253 
7753581 
478903654 
144649690 
181812320 
521202183 
283401238 
38663266 
204800320 
37877168 
450931729 
651316760 
5969440 
101257587 
416342070 
102752272 
285056018 
13737952 
220922183 
6047133 
16048465 
313294775 
8005692 
4745032 
70567005 
163695807 
273078055 
8139787 
438096555 
182640094 
1824165 
233687971 
391770574 
1812571931 
455328949 
397791469 
521638385 
1957437370 
1318906209 
3461575090375480 
1877601160 
1611912971 
1601452967 
615599850 
456313286 
1841949116 
38382198 
38231102 
262997192 
436188713 
131272258 
481307692 
23426833 
204966954 
499161812 
162107303 
622538829 
499993409 
471046000 
431038775 
397765041 
362474154 
7250642 
11953099 
340555022 
621799274 
33776016 
109295332 
389269992 
3027215 
693136255 
20009741 
324266136 
202277740 
446304052 
10704576 
226191595 
7375846 
34233883 
8337680 
37655661 
474734984 
11646942 
290575202 
1758586437 
17390908 
249411398 
2140250 
297932820 
1352778437 
631894010 
1050709031 
4009714 
2034920440 
1638837171 
522836715 
400084881 
2284177 
485733618 
678666329 
3493283070216560 
475931785 
495229955 
492669825 
36324307 
1873406296 
1674715388 
3637675 
2072116726 
4510690 
472040506 
400794033 
646879858 
1885906240 
504000485 
18692320 
1783746564 
272427613 
34361562 
367520166 
387823829 
436164450 
2080312861 
34869970 
27203317 
8204217 
439847883 
382531119 
384561451 
2061837 
169287300 
30289635 
40218026 
24624083 
56387157 
71545955 
231114103 
2014041 
24033179 
676661470 
8000062 
1396161 
33789242 
1066756415 
86130940 
318940416 
491750928 
384010830 
355157897 
22754748 
11672362 
1058753871 
320597503 
33448256 
1109140818 
589707679 
480526006 
2093607605 
1791004291 
536347622 
1238659863 
209640124 
1386761178 
431892553 
1964876408 
651202538 
35147619 
1064261790 
640876443 
20372112 
689850281 
638118113 
65982986 
215480779 
482105570 
1499257815 
492902636 
474932818 
303612248 
384794200 
701855865 
419605682 
187827748 
438729248 
24325634 
11593974 
1250973305 
2122801375 
108133757 
1904775391 
450390861 
46359701 
1976452259 
178472387 
379315459 
154657354 
483176526 
1210650478 
1264514029 
620935215 
456881517 
3493077343800080 
490329176 
29169606 
448028801 
442161377 
5624501 
29073329 
9329183 
2189620 
431903355 
390170089 
8001731 
247842 
20588629 
1959778876 
1673285 
396594140 
8546658 
15719329 
147762909 
23187719 
782206 
9318723 
391760436 
18626339 
43069195 
94785246 
25733339 
22716704 
14844274 
54797537 
601451 
23273079 
142407816 
1296807913 
8298031 
442476762 
494621125 
587568 
292064463 
1496287 
429999248 
66763152 
178806407 
39314774 
23222259 
143632062 
279590934 
2060825427 
7801637 
15182639 
86315 
10754630 
1897255882 
19024644 
71486085 
27408955 
24969064 
199118 
312316679 
242130417 
354623459 
507779248 
18379638 
382098200 
607271015 
14107805 
9832619 
7333346 
165493316 
559833601 
11261464 
7370622 
1844391 
111569154 
11619357 
26132122 
242684436 
11322703 
1416615551 
12911872 
404420768 
37546958 
239854800 
28938951 
30418770 
46338898 
315266825 
31444333 
21517755 
16514635 
31795507 
252026789 
1471889400 
14588002 
449091721 
31841019 
444256921 
177738558 
22879032 
393864373 
14043195 
484581509 
15509307 
329921493 
52488786 
20519286 
14566842 
272034242 
1432768090 
241761763 
1653689035 
300362177 
40371748 
301877983 
441972307 
440559971 
388165096 
1440857594 
31451111 
2003644478 
449864954 
518062753 
333615492 
26896690 
1623374677 
444512403 
15668262 
601948544 
45025382 
374708387 
691150551 
399851849 
32376564 
1801489558 
7345965 
286125567 
1410247 
2811530 
297156976 
489517831 
6488052 
7010229 
5795199 
440021826 
350176572 
20273758 
339802653 
1547649 
4722380 
81383607 
3493125343414670 
32738905 
491753556 
360319911 
356333659 
330393835 
318643341 
486798364 
629692830 
611220293 
478926359 
198558116 
495764750 
1050589475 
423437260 
517500197 
32236865 
3493260234329020 
22728376 
407869311 
493930589 
284028033 
2042354743 
54247409 
418974383 
290469271 
456271173 
602126898 
1665114 
269536293 
357077930 
322262498 
272829913 
32723422 
531286194 
446838285 
271109697 
14433631 
490764069 
521229134 
12741902 
4055192 
366019179 
296526755 
636116252 
5521296 
44568909 
317507571 
2066182709 
35675917 
1984832139 
234492020 
164554622 
188706740 
66735027 
473270566 
452146399 
364785125 
630035962 
58115423 
84524738 
2019536971 
400637014 
895536 
36956285 
456287376 
68555933 
26189034 
44723728 
17767313 
406090010 
329033653 
382357480 
11134066 
287452712 
5082471 
476039612 
674681294 
12352630 
496497743 
2066094 
12748904 
319284476 
401725811 
521876175 
17492634 
3493080523082630 
8131609 
16437462 
1622750 
1305577 
2589126 
480680646 
674747 
522945316 
3493081596823680 
17098408 
497569484 
1542899581 
6615307 
7851694 
30586931 
511165346 
10099795 
1820962 
622301 
18749926 
5097359 
340415592 
693941176 
4387637 
3240782 
2021471 
490790540 
5547033 
441815083 
338802276 
1822721305 
1136551336 
57638642 
385653537 
1920299091 
7193714 
602213235 
179895500 
7330123 
347426130 
583074703 
1589969723 
1107112776 
82168230 
546106044 
1227114865 
401363606 
1816407210 
45916718 
604221672 
348936726 
43951194 
489427799 
1345476218 
188814344 
227044524 
255099543 
394473235 
1521391467 
435398645 
8194313 
3984061 
3461575472056770 
198689066 
255821934 
100461233 
299108859 
17827044 
503518658 
157585988 
60239256 
8405691 
447524462 
38954195 
496499111 
400819870 
232002027 
30078564 
43137198 
2054638490 
471599739 
286910095 
357202670 
549852491 
174894573 
26137085 
2006833182 
436335604 
650357184 
1669787808 
262155615 
282542557 
1911213223 
1763294763 
104687464 
1404940537 
511480678 
141662809 
1550702478 
1185745442 
66746870 
3493108868188190 
88508524 
2062979983 
1179714066 
1071110182 
38125681 
382416146 
3461568666798360 
429991183 
1464064191 
2026964940 
627454121 
457942212 
382129903 
438610656 
1048033846 
111983676 
1150421641 
162962059 
57265201 
1853115926 
184536024 
662133868 
383865565 
355653755 
30761296 
661634476 
174547751 
347678014 
623662099 
1428067817 
1411242513 
1231227164 
1157417923 
406370037 
3493080296589620 
27705775 
3493284196387760 
1422069765 
551245475 
472701614 
355060118 
3493279247108930 
13918883 
267466360 
5287862 
12560310 
226062 
177013064 
692116 
2800943 
4374693 
7738368 
33142437 
1346871 
2304580 
8549465 
67789715 
3217005 
9148776 
3946020 
271969136 
2435553 
611045 
51561752 
13132426 
7212374 
27036122 
2676496 
289036343 
11167124 
3042202 
333623750 
517239971 
70326460 
694393678 
26944536 
1318167644 
249513351 
213282849 
32162964 
367903688 
689258774 
433870146 
441867545 
604555216 
595609692 
88796195 
196937533 
233088529 
121940700 
1253666912 
529647892 
1815930565 
273331694 
11040547 
1150236034 
497351681 
103481828 
445370252 
433645808 
344242355 
1989315373 
97048000 
85407600 
702248038 
676069923 
630957092 
54214457 
52621490 
516952627 
482408527 
479023393 
455661298 
400123589 
356597756 
3493277152053570 
305248814 
284638336 
28403452 
249001223 
1990338377 
167234667 
1600730610 
154294182 
1526753858 
1524557629 
1513922659 
13278138 
1263061871 
519844731 
492865440 
454367854 
5911563 
513403658 
436879306 
19315768 
1117301797 
4819359 
102305390 
629182309 
1109875315 
1970767581 
30197344 
565310102 
1294721936 
85231245 
3461562354371240 
319980791 
367261591 
1969893096 
269055703 
170933158 
88680613 
1226702207 
183934149 
393784385 
440071156 
66727432 
14154390 
12770151 
1011020353 
456545958 
878581 
869120 
237279943 
622955134 
562592570 
252515519 
6650162 
15202474 
278463921 
90132977 
400319864 
701588752 
8288130 
5467381 
27014248 
457625946 
1228727340 
40004623 
384742356 
25152231 
14959656 
5218413 
1988787667 
1723332648 
524687831 
1789788897 
354059755 
412569486 
22539858 
354299332 
591608 
164044075 
367430850 
40180108 
683454 
118906864 
384363028 
18432415 
15426992 
11884053 
315887034 
171624198 
433948481 
51499048 
144675709 
35946553 
425572468 
37161723 
37937842 
200672332 
37647833 
868915 
232720780 
1201243200 
322253633 
46333388 
1102190562 
168855260 
398302571 
2707060 
67141 
94622133 
85513698 
446936753 
12755004 
435989954 
96229559 
310966082 
400241739 
10411799 
200837471 
2188275 
150339458 
8547176 
671854258 
1827761323 
20248011 
668194646 
454889823 
57388835 
23814781 
647265089 
506816250 
510091178 
22998483 
40748119 
627942250 
663053973 
82515478 
1824247693 
7134205 
439984957 
8146598 
1888464123 
290872820 
480459923 
323872739 
437971620 
287071835 
3493075498305940 
1117711799 
27235718 
178774133 
476166300 
1676922909 
454160 
251610984 
384688116 
525228098 
20717401 
1639041512 
105193340 
688895156 
2046467694 
2525426 
668085 
345063645 
12472884 
5989655 
30725347 
336608624 
22099148 
86882998 
11906455 
115080600 
4287261 
668983457 
176481998 
499090353 
81507758 
5076144 
1413251610 
1415805 
21175545 
1967745 
522992325 
4201099 
10969993 
45587499 
449479271 
513537654 
5589782 
98615691 
1184643273 
37652230 
358747024 
9177425 
429732857 
32908009 
520684896 
15296468 
2067918014 
424409649 
472928445 
18752199 
367402989 
628573060 
1038522552 
233285198 
176842830 
351124736 
14428947 
121874349 
34417049 
339211380 
524950486 
49532900 
8078702 
225916595 
1899969981 
183777439 
265468365 
1374333758 
282068994 
13317175 
147017921 
474609686 
453440469 
513220879 
22435867 
22086921 
55051210 
9957621 
30755935 
1505428 
470805034 
170754328 
1302449070 
511588824 
319725392 
47316007 
37100119 
400474988 
24864951 
7844824 
475778412 
1456391811 
478065986 
1806181 
547388 
410223615 
268691228 
2046607357 
6451516 
74110559 
1306287 
111157327 
429791578 
16826274 
3035016 
36109816 
400520891 
38126099 
381892792 
291071902 
383857875 
415291288 
1576328336 
607759083 
9406619 
1864224348 
22061703 
93800190 
489705347 
1500583325 
9385709 
474496563 
234984870 
945215 
506337490 
512755650 
455898799 
86719919 
4396500 
492069058 
620621515 
18963909 
1522721555 
442693003 
15655400 
671823624 
360183394 
398706815 
7327164 
1684140528 
1526989280 
103875575 
65390926 
39655188 
503266225 
1533472984 
499802390 
94789907 
526190764 
628026153 
3493275298171380 
17622683 
503999372 
2066276512 
15228537 
1581619595 
630160983 
13406129 
2011878017 
80114349 
594817390 
362414184 
652409992 
399044802 
178695309 
403494403 
1036683045 
401193581 
151195274 
419168653 
517757232 
470982519 
1595050165 
472669575 
489719197 
293955300 
689594505 
533080571 
383891033 
310688167 
499442992 
479214084 
13173088 
52141352 
355212262 
180493007 
16733794 
29848061 
37873771 
34334288 
15522138 
19619473 
479178817 
26654853 
84511532 
12573949 
11412163 
21236386 
16300259 
57453646 
2104592559 
553568376 
3461582629636230 
1131919515 
348674376 
430714003 
394302458 
12288930 
15053880 
28935448 
25746075 
616802738 
693955196 
98608040 
39478712 
2126421096 
34083538 
83691580 
65478623 
453785164 
10045855 
132700466 
2361067 
405058389 
880258 
397071805 
22050627 
12963134 
83059597 
40364010 
44274945 
42345510 
342011203 
290422314 
10984974 
16008599 
59138255 
1235569587 
1025976312 
1772339971 
1306425742 
1581424277 
11318040 
1111304561 
3493280490719580 
28570055 
480270664 
71344624 
361379649 
693932683 
10327150 
2073840353 
1312715497 
349243510 
548229315 
1758866734 
618906615 
433973500 
3493274702580210 
1369217654 
510287280 
3493283682585290 
3461566062136070 
1715766986 
403519460 
455308658 
4564960 
1308104823 
45388692 
526993256 
334863443 
11782808 
28126273 
382097990 
56421441 
2017346607 
490576745 
4570516 
35248675 
13531394 
20509457 
321799066 
441050051 
1017684153 
701204025 
474368905 
68227018 
476244524 
755460 
266186890 
1320425167 
15092184 
182898552 
95738397 
431524256 
14402847 
205558027 
303115475 
344687595 
451144024 
515042787 
59245899 
347744088 
674312235 
320857943 
509466120 
281656948 
395940099 
452378661 
472258049 
586666759 
22373924 
442170503 
1198055524 
480336237 
476436648 
3493074795760310 
32803006 
695641832 
694541827 
171645838 
455458606 
342518162 
498076023 
678421513 
1555199976 
1500809926 
14727200 
1347255115 
1266778499 
1247488779 
1245214654 
1090419081 
396560933 
8992608 
1533055148 
44988643 
88774155 
481863579 
342764643 
8586986 
14341434 
5125557 
480029974 
454185219 
364286631 
21604138 
651318620 
22737371 
262503019 
314046635 
400728297 
174438889 
19197300 
356513435 
277009371 
23292530 
1832917641 
435993063 
533235 
494037772 
32042288 
342174855 
2131026034 
330483560 
8623572 
1011444895 
28502664 
432332794 
321614491 
674135425 
329053513 
85484260 
668201425 
629298253 
507738610 
647307690 
521516734 
66963294 
504463970 
1962158502 
424159453 
401244489 
299688010 
1703000306 
3493282682243700 
671226923 
2140642277 
2052358240 
85912332 
347760106 
487837960 
628951237 
650949876 
738272 
262400888 
669851569 
1861318376 
620598333 
560074593 
38177158 
1081628068 
622635868 
393249798 
1858408794 
1088483691 
1271336641 
348877829 
290051831 
20182449 
1508129522 
298309744 
526536094 
535333400 
430705019 
190981903 
509333281 
1836651068 
20273350 
309551150 
1348868350 
27538924 
347649655 
481419139 
4059923 
15615230 
515753467 
225372736 
1677306733 
184580037 
226870540 
4976198 
325687922 
8117778 
24924235 
325653164 
23605897 
389008836 
155355534 
2026987129 
31065358 
1816554345 
360475665 
5336479 
111827481 
33845921 
5744206 
356184935 
24980758 
502229017 
433419936 
363862465 
1400851863 
9028754 
1297986708 
454904796 
34541497 
32287779 
275187638 
16637720 
1915257109 
662353 
504129698 
3493125339220250 
3493110143257230 
28832991 
247814238 
185290021 
1559853989 
1556184960 
437121159 
13277426 
597230109 
12819985 
122763264 
9348709 
457113169 
3461569818135350 
96606119 
9274702 
471808401 
37388586 
3493138140236460 
1350680787 
1115791423 
11039993 
520459724 
1998442 
93819258 
490291739 
45878814 
396367372 
384522149 
360279285 
3493126849170010 
34828942 
340827092 
269692455 
1601057 
1397606170 
1316769326 
1086857287 
394217560 
396774884 
3493276187364080 
3493086126672510 
285264295 
175340461 
548453625 
471511530 
91485461 
74162721 
3461566110370480 
9596808 
89453752 
8533396 
702421971 
65261404 
599165382 
554406017 
501253389 
501226061 
497265035 
4928306 
4847731 
439840355 
436170699 
430981153 
409199235 
399594754 
39475777 
389112396 
368083111 
3493284871670620 
3493283911174480 
3493281637861790 
4411429 
3493117202270560 
553861619 
35685350 
1428687391 
489054998 
33416183 
1359172733 
11622504 
400944685 
1670732133 
702254025 
397832548 
675619699 
2027804808 
2061688132 
385178292 
178419264 
392273569 
39110636 
2090651082 
385270340 
505889707 
480843984 
3493117326002480 
54669972 
494408368 
394041292 
1778881966 
272401227 
24355226 
1631514404 
30589741 
658427 
686917531 
76494547 
353522324 
252492419 
11874069 
66979043 
476976013 
6911925 
5499659 
442397728 
3663038 
350837134 
1191262872 
84119383 
9376540 
8274121 
35391386 
2794706 
478907393 
1945750298 
10606743 
549479859 
381665631 
192551338 
652379757 
1492849169 
31047219 
333779476 
1817980778 
1754119079 
6724191 
394704554 
294590097 
503858668 
34631757 
38647315 
346370 
424623343 
526622 
618579170 
410041407 
110852603 
27263310 
509469440 
3493109063224070 
32902221 
13325480 
254628093 
1141114927 
583819903 
696638232 
5425122 
661991449 
30204748 
14790427 
92442420 
17758917 
20875211 
11508629 
14403105 
19891472 
440416481 
11089767 
15241194 
1494793 
123269516 
1354521703 
205217190 
13667283 
13759783 
3848287 
780048 
19725083 
3442187 
53163679 
827040 
25842971 
12207030 
447462519 
13102127 
13609920 
14870084 
3493281543490180 
3493280176147240 
3493280077581120 
3493274278955990 
3493274243303560 
3493268683754450 
3493130804398470 
3493129235728470 
3493114075416820 
3461582159874620 
343499884 
3145632 
291481956 
291395379 
289489604 
288245528 
268101553 
22204138 
20260921 
1923142924 
1882021797 
183835642 
1835371744 
1790047995 
1717709001 
1600362846 
1589485926 
1554863439 
1524298117 
441110366 
165383795 
526764870 
178129562 
48020683 
291836167 
474129373 
552328004 
394173139 
430091718 
471737757 
1233979421 
494290847 
381559782 
347169564 
1168057894 
1663020643 
368572 
629351697 
183406265 
4459268 
642530033 
17817306 
471560273 
504344678 
4511302 
11564103 
294651136 
489291699 
84674730 
1104394059 
13627295 
353122594 
700342811 
2106217543 
675472 
152052320 
345387292 
255475477 
180009 
475205260 
23677858 
397096150 
259421606 
4927890 
357474603 
626097575 
49987911 
629006984 
38627995 
435719387 
3493095289129720 
2674953 
18732333 
1573442759 
15497254 
36980143 
1794897888 
173251472 
1723703882 
515099632 
457629244 
111062929 
94788774 
515889577 
38340455 
455795822 
442659426 
283992728 
872095 
403663124 
88157013 
687159379 
497462814 
289138067 
165692683 
1704616 
347383675 
211105370 
621553509 
400190385 
14165003 
388129887 
433643287 
431442073 
88221295 
400480347 
400494086 
483561077 
87839912 
22735051 
576499667 
404642862 
1303912504 
101376056 
628576884 
284098508 
23310574 
490364784 
176594470 
551413849 
11234964 
516135669 
3977656 
1466331334 
1107679119 
470549829 
34765503 
439427301 
473191973 
174780908 
17737409 
36960274 
519569504 
3493143844489340 
77237625 
29479515 
111278532 
345239054 
356734393 
14755189 
84605242 
1804469156 
1460707218 
319377660 
11165875 
13106038 
97243029 
40732567 
95894875 
39085593 
24826614 
1911016982 
92411124 
18284816 
397040560 
290272961 
3193246 
4000341 
581834330 
6529892 
433542004 
241747076 
20451198 
375718169 
15448357 
470799423 
4235799 
492431755 
690743222 
481252778 
8607926 
10483576 
354371187 
64155736 
1617583376 
385338740 
701724619 
407762685 
128367279 
6719190 
22792097 
1948007969 
5595557 
12140616 
250651017 
330441730 
1630774411 
168768250 
285759641 
389373803 
405329381 
222235932 
35326329 
2466561 
85655074 
30748332 
6681416 
385423417 
296165964 
10712392 
170919363 
1604721495 
875033 
51330109 
168896536 
693882923 
511958871 
390976182 
1270966537 
12768989 
359365144 
1210632290 
400300920 
8968043 
25477010 
51102075 
2420806 
2122201098 
602218400 
1525093007 
19405390 
84116271 
1438007163 
1416472035 
504095650 
477878073 
402547761 
26106068 
1680373277 
646285148 
100688174 
102608217 
348659437 
489459465 
351977171 
1544247364 
626876468 
431126143 
241297747 
1152835708 
70551020 
1247479179 
359751568 
1149108880 
1131458720 
437093999 
13759642 
33633944 
178717564 
26997658 
177280809 
71270827 
330364711 
310114537 
229132967 
189773248 
13752549 
269816716 
497981092 
407535603 
299384417 
454394718 
281671471 
492478764 
509567337 
3039489 
450047979 
946017 
364263875 
19113908 
120141234 
293617307 
3261088 
688331004 
33047426 
10073294 
386474543 
199379002 
14950293 
1279275206 
1133535861 
20325552 
309725887 
293722196 
432130362 
85642473 
505314437 
1768040419 
271866086 
183006766 
667459519 
385286261 
294615677 
10004969 
1086035418 
1565757166 
274330933 
1358268354 
39707567 
2632319 
87831606 
1074778536 
518793363 
86798396 
23242632 
8209437 
632900697 
481793566 
675179064 
3493264302803320 
25528386 
236522826 
200764617 
1919258455 
15911774 
28517048 
346275957 
660588113 
474028096 
639567858 
454868727 
37393628 
1151902851 
616443840 
27002599 
43929392 
646316053 
418951550 
454495800 
526840856 
1680326130 
248145330 
438148127 
162922548 
490801903 
608338076 
515121411 
353424739 
